>> x=[1,1,1,0,0;2,2,2,0,0;1,1,1,0,0;5,5,5,0,0;1,1,0,2,2;0,0,0,3,3;0,0,0,1,1]
x =

   1   1   1   0   0
   2   2   2   0   0
   1   1   1   0   0
   5   5   5   0   0
   1   1   0   2   2
   0   0   0   3   3
   0   0   0   1   1

>> Sigma=(1/m)*X'*X;
error: 'm' undefined near line 1 column 10
>> [m, n] = size(X);
error: 'X' undefined near line 1 column 13
error: evaluating argument list element number 1
>> [m, n] = size(x);
>> Sigma=(1/m)*x'*x;
>> Sigma
Sigma =

   4.57143   4.57143   4.42857   0.28571   0.28571
   4.57143   4.57143   4.42857   0.28571   0.28571
   4.42857   4.42857   4.42857   0.00000   0.00000
   0.28571   0.28571   0.00000   2.00000   2.00000
   0.28571   0.28571   0.00000   2.00000   2.00000

>> x*x
error: operator *: nonconformant arguments (op1 is 7x5, op2 is 7x5)
>> x.*x
ans =

    1    1    1    0    0
    4    4    4    0    0
    1    1    1    0    0
   25   25   25    0    0
    1    1    0    4    4
    0    0    0    9    9
    0    0    0    1    1

>> [U,S,V]=svd(x);
>> S
S =

Diagonal Matrix

   9.7214e+00            0            0            0            0
            0   5.2940e+00            0            0            0
            0            0   6.8423e-01            0            0
            0            0            0   1.1587e-15            0
            0            0            0            0   1.5459e-31
            0            0            0            0            0
            0            0            0            0            0

>> U
U =

  -1.7794e-01  -1.6423e-02   1.8050e-02   9.8285e-01   1.2760e-02   3.3429e-02   2.1559e-02
  -3.5588e-01  -3.2846e-02   3.6100e-02  -3.5708e-02  -7.8642e-01  -4.7307e-01  -1.6565e-01
  -1.7794e-01  -1.6423e-02   1.8050e-02  -6.0607e-02  -4.6595e-01   8.2137e-01   2.6892e-01
  -8.8970e-01  -8.2114e-02   9.0251e-02  -1.7017e-01   4.0521e-01   1.8268e-02   8.1658e-03
  -1.3395e-01   5.3353e-01  -8.3511e-01   4.6326e-16   2.5229e-17  -1.8166e-17   7.6185e-17
  -2.1575e-02   7.9768e-01   5.1307e-01   3.1394e-03   2.8524e-03   1.0005e-01  -2.9995e-01
  -7.1917e-03   2.6589e-01   1.7102e-01  -9.4183e-03  -8.5572e-03  -3.0016e-01   8.9986e-01

>> [U1,S1,V1]=svd(Sigma);
>> S1
S1 =

Diagonal Matrix

   1.3501e+01            0            0            0            0
            0   4.0037e+00            0            0            0
            0            0   6.6881e-02            0            0
            0            0            0   4.3414e-17            0
            0            0            0            0   5.7531e-49

>> U1
U1 =

  -5.8120e-01  -4.6126e-03   4.0272e-01  -7.0711e-01  -5.5575e-17
  -5.8120e-01  -4.6126e-03   4.0272e-01   7.0711e-01   7.8880e-17
  -5.6742e-01   9.6167e-02  -8.1779e-01   1.2818e-15  -1.6727e-17
  -3.4956e-02  -7.0381e-01  -5.8510e-02  -2.7707e-17  -7.0711e-01
  -3.4956e-02  -7.0381e-01  -5.8510e-02  -1.3873e-16   7.0711e-01

>> S(1:3,1:3)
ans =

Diagonal Matrix

   9.72140         0         0
         0   5.29398         0
         0         0   0.68423

>> U
U =

  -1.7794e-01  -1.6423e-02   1.8050e-02   9.8285e-01   1.2760e-02   3.3429e-02   2.1559e-02
  -3.5588e-01  -3.2846e-02   3.6100e-02  -3.5708e-02  -7.8642e-01  -4.7307e-01  -1.6565e-01
  -1.7794e-01  -1.6423e-02   1.8050e-02  -6.0607e-02  -4.6595e-01   8.2137e-01   2.6892e-01
  -8.8970e-01  -8.2114e-02   9.0251e-02  -1.7017e-01   4.0521e-01   1.8268e-02   8.1658e-03
  -1.3395e-01   5.3353e-01  -8.3511e-01   4.6326e-16   2.5229e-17  -1.8166e-17   7.6185e-17
  -2.1575e-02   7.9768e-01   5.1307e-01   3.1394e-03   2.8524e-03   1.0005e-01  -2.9995e-01
  -7.1917e-03   2.6589e-01   1.7102e-01  -9.4183e-03  -8.5572e-03  -3.0016e-01   8.9986e-01

>> U(:,1:3)
ans =

  -0.1779397  -0.0164228   0.0180502
  -0.3558795  -0.0328457   0.0361003
  -0.1779397  -0.0164228   0.0180502
  -0.8896986  -0.0821142   0.0902508
  -0.1339548   0.5335273  -0.8351076
  -0.0215750   0.7976771   0.5130748
  -0.0071917   0.2658924   0.1710249

>> U(:,1:3)*S(1:3,1:3)
ans =

  -1.729823  -0.086942   0.012350
  -3.459647  -0.173884   0.024701
  -1.729823  -0.086942   0.012350
  -8.649116  -0.434711   0.061752
  -1.302228   2.824483  -0.571403
  -0.209739   4.222886   0.351059
  -0.069913   1.407629   0.117020


>> x*U1
ans =

  -1.7298e+00   8.6942e-02  -1.2350e-02   1.7163e-16   6.5784e-18
  -3.4596e+00   1.7388e-01  -2.4701e-02   3.4325e-16   1.3157e-17
  -1.7298e+00   8.6942e-02  -1.2350e-02   1.7163e-16   6.5784e-18
  -8.6491e+00   4.3471e-01  -6.1752e-02   1.0802e-15   3.2892e-17
  -1.3022e+00  -2.8245e+00   5.7140e-01  -1.4431e-15  -2.2204e-16
  -2.0974e-01  -4.2229e+00  -3.5106e-01  -4.9931e-16  -4.4409e-16
  -6.9913e-02  -1.4076e+00  -1.1702e-01  -1.6644e-16  -1.1102e-16

>> x*U1(:,1:3)
ans =

  -1.729823   0.086942  -0.012350
  -3.459647   0.173884  -0.024701
  -1.729823   0.086942  -0.012350
  -8.649116   0.434711  -0.061752
  -1.302228  -2.824483   0.571403
  -0.209739  -4.222886  -0.351059
  -0.069913  -1.407629  -0.117020

>> z1=x*U1(:,1:3)
z1 =

  -1.729823   0.086942  -0.012350
  -3.459647   0.173884  -0.024701
  -1.729823   0.086942  -0.012350
  -8.649116   0.434711  -0.061752
  -1.302228  -2.824483   0.571403
  -0.209739  -4.222886  -0.351059
  -0.069913  -1.407629  -0.117020

>> z=U(:,1:3)*S(1:3,1:3)
z =

  -1.729823  -0.086942   0.012350
  -3.459647  -0.173884   0.024701
  -1.729823  -0.086942   0.012350
  -8.649116  -0.434711   0.061752
  -1.302228   2.824483  -0.571403
  -0.209739   4.222886   0.351059
  -0.069913   1.407629   0.117020


>> h1=z*U(:,1:3)'
h1 =

   0.3094550   0.6189101   0.3094550   1.5472752   0.1750181  -0.0256942  -0.0085647
   0.6189101   1.2378202   0.6189101   3.0945504   0.3500362  -0.0513885  -0.0171295
   0.3094550   0.6189101   0.3094550   1.5472752   0.1750181  -0.0256942  -0.0085647
   1.5472752   3.0945504   1.5472752   7.7363761   0.8750904  -0.1284712  -0.0428237
   0.1750181   0.3500362   0.1750181   0.8750904   2.1585610   1.9879484   0.6626495
  -0.0256942  -0.0513885  -0.0256942  -0.1284712   1.9879484   3.5531444   1.1843815
  -0.0085647  -0.0171295  -0.0085647  -0.0428237   0.6626495   1.1843815   0.3947938

>> U
U =

  -1.7794e-01  -1.6423e-02   1.8050e-02   9.8285e-01   1.2760e-02   3.3429e-02   2.1559e-02
  -3.5588e-01  -3.2846e-02   3.6100e-02  -3.5708e-02  -7.8642e-01  -4.7307e-01  -1.6565e-01
  -1.7794e-01  -1.6423e-02   1.8050e-02  -6.0607e-02  -4.6595e-01   8.2137e-01   2.6892e-01
  -8.8970e-01  -8.2114e-02   9.0251e-02  -1.7017e-01   4.0521e-01   1.8268e-02   8.1658e-03
  -1.3395e-01   5.3353e-01  -8.3511e-01   4.6326e-16   2.5229e-17  -1.8166e-17   7.6185e-17
  -2.1575e-02   7.9768e-01   5.1307e-01   3.1394e-03   2.8524e-03   1.0005e-01  -2.9995e-01
  -7.1917e-03   2.6589e-01   1.7102e-01  -9.4183e-03  -8.5572e-03  -3.0016e-01   8.9986e-01

>> h1=z*U1(:,1:3)'
h1 =

   1.010750   1.010750   0.963078   0.120937   0.120937
   2.021499   2.021499   1.926156   0.241874   0.241874
   1.010750   1.010750   0.963078   0.120937   0.120937
   5.053748   5.053748   4.815389   0.604686   0.604686
   0.513712   0.513712   1.477824  -1.908957  -1.908957
   0.243801   0.243801   0.238021  -2.985337  -2.985337
   0.081267   0.081267   0.079340  -0.995112  -0.995112

>> V
V =

  -0.58120   0.00461  -0.40272  -0.70711   0.00000
  -0.58120   0.00461  -0.40272   0.70711  -0.00000
  -0.56742  -0.09617   0.81779  -0.00000   0.00000
  -0.03496   0.70381   0.05851   0.00000  -0.70711
  -0.03496   0.70381   0.05851   0.00000   0.70711


>> S
S =

Diagonal Matrix

   9.7214e+00            0            0            0            0
            0   5.2940e+00            0            0            0
            0            0   6.8423e-01            0            0
            0            0            0   1.1587e-15            0
            0            0            0            0   1.5459e-31
            0            0            0            0            0
            0            0            0            0            0

>> h=U(:,1:3)*S(1:3,1:3)*V'(1:3,:)
h =

   1.0000e+00   1.0000e+00   1.0000e+00   5.6270e-17   5.6270e-17
   2.0000e+00   2.0000e+00   2.0000e+00  -1.3813e-16  -1.3813e-16
   1.0000e+00   1.0000e+00   1.0000e+00   3.5085e-16   3.5085e-16
   5.0000e+00   5.0000e+00   5.0000e+00  -3.7297e-17  -3.7297e-17
   1.0000e+00   1.0000e+00  -1.1102e-16   2.0000e+00   2.0000e+00
  -8.3267e-17   3.8858e-16  -4.4409e-16   3.0000e+00   3.0000e+00
  -4.1633e-17   1.1796e-16  -1.1102e-16   1.0000e+00   1.0000e+00

>>


========================================================================================================================================

x.trace      x.transpose  

In [72]: x.tra
x.trace      x.transpose  

In [72]: x.transpose()
Out[72]: 
matrix([[1, 2, 1, 5, 1, 0, 0],
        [1, 2, 1, 5, 1, 0, 0],
        [1, 2, 1, 5, 0, 0, 0],
        [0, 0, 0, 0, 2, 3, 1],
        [0, 0, 0, 0, 2, 3, 1]])

In [73]: U,Sigma,VT=np.linalg.svd(X)
---------------------------------------------------------------------------
NameError                                 Traceback (most recent call last)
<ipython-input-73-8a7aaf1485a9> in <module>()
----> 1 U,Sigma,VT=np.linalg.svd(X)

NameError: name 'X' is not defined

In [74]: U,Sigma,VT=np.linalg.svd(x)

In [75]: pca = RandomizedPCA(n_components=3).fit(x)

In [76]: pca.transform(x)
Out[76]: 
array([[-0.16674257, -1.37494747, -0.00915393],
       [ 1.44428837, -0.73902875, -0.02281801],
       [-0.16674257, -1.37494747, -0.00915393],
       [ 6.27738117,  1.16872741, -0.06381024],
       [-1.75952989,  1.10015019,  0.57129429],
       [-3.33260424,  1.92046753, -0.35202393],
       [-2.29605042, -0.70042162, -0.11433454]])

In [77]: z=pca.transform(x)

In [78]: pca.
pca.components_                pca.iterated_power
pca.copy                       pca.mean_
pca.explained_variance_        pca.n_components
pca.explained_variance_ratio_  pca.random_state
pca.fit                        pca.set_params
pca.fit_transform              pca.transform
pca.get_params                 pca.whiten
pca.inverse_transform          

In [78]: pca.inverse_transform(z)
Out[78]: 
array([[  1.00000000e+00,   1.00000000e+00,   1.00000000e+00,
         -2.22044605e-16,  -2.22044605e-16],
       [  2.00000000e+00,   2.00000000e+00,   2.00000000e+00,
         -2.22044605e-16,  -2.22044605e-16],
       [  1.00000000e+00,   1.00000000e+00,   1.00000000e+00,
         -2.22044605e-16,  -2.22044605e-16],
       [  5.00000000e+00,   5.00000000e+00,   5.00000000e+00,
         -2.22044605e-16,  -2.22044605e-16],
       [  1.00000000e+00,   1.00000000e+00,   0.00000000e+00,
          2.00000000e+00,   2.00000000e+00],
       [  0.00000000e+00,   4.44089210e-16,   0.00000000e+00,
          3.00000000e+00,   3.00000000e+00],
       [  0.00000000e+00,  -2.22044605e-16,   2.22044605e-16,
          1.00000000e+00,   1.00000000e+00]])

In [79]: pca.
pca.components_                pca.iterated_power
pca.copy                       pca.mean_
pca.explained_variance_        pca.n_components
pca.explained_variance_ratio_  pca.random_state
pca.fit                        pca.set_params
pca.fit_transform              pca.transform
pca.get_params                 pca.whiten
pca.inverse_transform          

In [79]: pca.get_params
Out[79]: 
<bound method RandomizedPCA.get_params of RandomizedPCA(copy=True, iterated_power=3, n_components=3, random_state=None,
       whiten=False)>

In [80]: pca.expl
pca.explained_variance_        pca.explained_variance_ratio_

In [80]: pca.explained_variance_
Out[80]: array([ 8.71730485,  1.58316633,  0.06687577])

In [81]: pca.explained_variance_ratio_
Out[81]: array([ 0.84084233,  0.15270698,  0.00645062])

In [82]: VT
Out[82]: 
matrix([[ -5.81200877e-01,  -5.81200877e-01,  -5.67421508e-01,
          -3.49564973e-02,  -3.49564973e-02],
        [  4.61260083e-03,   4.61260083e-03,  -9.61674228e-02,
           7.03814349e-01,   7.03814349e-01],
        [ -4.02721076e-01,  -4.02721076e-01,   8.17792552e-01,
           5.85098794e-02,   5.85098794e-02],
        [ -7.07106781e-01,   7.07106781e-01,  -3.80012861e-17,
           3.86619718e-17,   6.64175475e-17],
        [  0.00000000e+00,  -7.32675982e-17,   5.74305386e-17,
          -7.07106781e-01,   7.07106781e-01]])

In [83]: 

